0 0 0.23331961
0 0 0.15341192
0 0 0.2394094
1 0 0.23647845
0 0 0.15570793
1 0 0.23445159
1 0 0.238796
1 0 0.23829234
0 0 0.15485765
0 0 0.23305039
1 0 0.1542076
0 0 0.23626137
0 0 0.23327789
1 0 0.15446492
0 0 0.23545624
0 0 0.15417723
1 0 0.23371187
0 0 0.15735123
0 0 0.15661405
0 0 0.15665135
0 0 0.15886667
0 0 0.23596609
0 0 0.15507078
0 0 0.15649256
1 0 0.23657262
0 0 0.23641497
0 0 0.2333122
0 0 0.15494975
0 0 0.15396461
0 0 0.15531097
0 0 0.15358841
0 0 0.23268625
0 0 0.23654675
0 0 0.1548861
1 0 0.15496549
0 0 0.23457581
0 0 0.15567301
0 0 0.15778147
0 0 0.15402295
0 0 0.15750422
0 0 0.23551716
1 0 0.1530719
0 0 0.15669891
0 0 0.23738976
0 0 0.15851289
0 0 0.23826613
0 0 0.15413499
1 0 0.23699923
1 0 0.23826128
0 0 0.23492786
0 0 0.15669304
1 0 0.23544131
0 0 0.23636547
1 0 0.23457742
0 0 0.15652353
0 0 0.23377444
1 0 0.23958156
0 0 0.2333216
0 0 0.15623946
0 0 0.15403646
0 0 0.15753339
0 0 0.23403399
0 0 0.23438844
0 0 0.23602852
0 0 0.23489358
0 0 0.15636191
0 0 0.15737756
0 0 0.15747185
0 0 0.23157358
0 0 0.15420757
1 0 0.23748375
0 0 0.23671012
0 0 0.23546647
0 0 0.23499651
0 0 0.1561479
0 0 0.1541489
0 0 0.15352435
0 0 0.23174164
0 0 0.15629214
0 0 0.15543655
0 0 0.23848003
0 0 0.15649058
0 0 0.23249201
0 0 0.23528454
0 0 0.1541196
0 0 0.23178115
0 0 0.2353226
0 0 0.15794474
1 0 0.23387179
0 0 0.15434818
1 0 0.23745191
0 0 0.15434635
0 0 0.23292677
0 0 0.23466505
0 0 0.15502258
1 0 0.23584206
0 0 0.1554049
0 0 0.15639684
0 0 0.15791589
0 0 0.15717235
0 0 0.15591702
0 0 0.15681395
0 0 0.23192738
0 0 0.23299195
0 0 0.15451927
1 0 0.23617955
0 0 0.2370706
0 0 0.2339398
0 0 0.23667488
0 0 0.15415981
0 0 0.23230475
0 0 0.15363383
0 0 0.23544191
0 0 0.15294428
1 0 0.23492953
0 0 0.15417092
0 0 0.23452912
0 0 0.23197679
0 0 0.15583482
0 0 0.23319823
0 0 0.15511972
1 0 0.23815595
0 0 0.15680033
0 0 0.23249471
0 0 0.15337528
1 0 0.237395
0 0 0.1571393
1 0 0.23598248
0 0 0.15411897
0 0 0.23509587
1 0 0.23510356
0 0 0.15529548
0 0 0.23474647
0 0 0.23321317
0 0 0.15718296
0 0 0.15692225
0 0 0.1562145
0 0 0.15759358
0 0 0.23463778
0 0 0.1578154
1 0 0.15542114
0 0 0.23397486
0 0 0.15775721
1 0 0.15484457
0 0 0.15652125
0 0 0.15469763
0 0 0.23454757
0 0 0.15417096
0 0 0.23546864
1 0 0.23807445
0 0 0.1539343
1 0 0.23588797
0 0 0.1559653
0 0 0.23298511
0 0 0.23124269
0 0 0.15637097
1 0 0.23481345
0 0 0.2331601
1 0 0.23855343
0 0 0.23241752
0 0 0.15445074
0 0 0.15618211
0 0 0.2335257
0 0 0.15584476
0 0 0.23604695
0 0 0.23289116
0 0 0.23510575
0 0 0.1544976
0 0 0.23516461
0 0 0.15437844
0 0 0.23843947
0 0 0.23442699
0 0 0.15720475
0 0 0.15369393
0 0 0.15564054
0 0 0.2354651
0 0 0.15527627
0 0 0.1580459
1 0 0.23692223
0 0 0.23531893
1 0 0.23794797
0 0 0.23402159
0 0 0.15728515
0 0 0.23379976
0 0 0.23475747
0 0 0.15548043
0 0 0.1538413
0 0 0.15641175
0 0 0.15394384
0 0 0.23559219
0 0 0.23386915
0 0 0.15794727
0 0 0.23613714
0 0 0.15529068
0 0 0.23387934
1 0 0.2345181
0 0 0.1535623
0 0 0.15434664
0 0 0.15564443
1 0 0.15661848
0 0 0.15714225
1 0 0.23298693
0 0 0.23499368
1 0 0.23725103
1 0 0.15402614
0 0 0.2322603
1 0 0.238643
0 0 0.23190929
0 0 0.15824212
0 0 0.15608203
0 0 0.15665999
0 0 0.15394704
1 0 0.23394674
1 0 0.236601
0 0 0.15774943
0 0 0.15464194
0 0 0.15229377
0 0 0.15381446
0 0 0.15262903
0 0 0.15608995
1 0 0.23373434
1 0 0.2359752
0 0 0.23228414
0 0 0.15711138
0 0 0.23632759
0 0 0.23662722
1 0 0.2345326
0 0 0.23691534
1 0 0.15552036
0 0 0.23614785
0 0 0.23732848
1 0 0.23899233
1 0 0.15625153
1 0 0.23845424
1 0 0.23514332
0 0 0.23695427
0 0 0.1542856
0 0 0.23403765
1 0 0.23897538
0 0 0.15649293
1 0 0.23696832
1 0 0.15691093
0 0 0.15526466
0 0 0.1569902
0 0 0.23494512
0 0 0.15459833
0 0 0.15774958
0 0 0.23667897
0 0 0.15471856
1 0 0.15506211
1 0 0.23717739
0 0 0.15447322
0 0 0.15636986
0 0 0.23801588
1 0 0.15670791
0 0 0.23651087
0 0 0.23531467
1 0 0.23686568
0 0 0.23346303
0 0 0.15790838
1 0 0.23646079
1 0 0.23937307
0 0 0.23457076
0 0 0.15774818
0 0 0.23646502
0 0 0.1592127
0 0 0.15743549
0 0 0.23939674
1 0 0.24046074
1 0 0.23955335
0 0 0.15739508
0 0 0.15620294
0 0 0.15620431
1 0 0.23836821
0 0 0.15675764
1 0 0.23856832
0 0 0.23806737
1 0 0.23514709
0 0 0.15868329
0 0 0.23455602
0 0 0.23982802
0 0 0.24070038
0 0 0.1587533
0 0 0.2338246
0 0 0.23597017
1 0 0.2396534
0 0 0.1562213
1 0 0.23499298
0 0 0.15667368
0 0 0.23153275
1 0 0.23106244
0 0 0.15300356
1 0 0.23514582
0 0 0.15268321
0 0 0.23175244
0 0 0.23580247
1 0 0.15371597
0 0 0.23491867
0 0 0.15439163
1 0 0.2338666
0 0 0.15509579
0 0 0.23158732
0 0 0.15510432
1 0 0.15465929
0 0 0.23431635
0 0 0.23541443
0 0 0.23172006
0 0 0.15483679
0 0 0.15464771
0 0 0.15490064
0 0 0.15362282
0 0 0.15432182
0 0 0.15430015
0 0 0.23496312
1 0 0.23640028
0 0 0.15325111
0 0 0.23259495
0 0 0.15421563
0 0 0.1559227
0 0 0.15537757
0 0 0.1531604
0 0 0.15144095
1 0 0.23566265
0 0 0.23273598
0 0 0.1556616
0 0 0.15771283
0 0 0.15779664
0 0 0.15675035
0 0 0.23373644
0 0 0.15449058
0 0 0.15621601
1 0 0.15433116
0 0 0.15611842
1 0 0.23528007
1 0 0.23334514
0 0 0.15382113
1 0 0.23687072
0 0 0.15478058
1 0 0.15376347
0 0 0.15434544
0 0 0.23186095
0 0 0.15442874
0 0 0.23350564
0 0 0.23427619
0 0 0.15696087
0 0 0.15467606
0 0 0.23223203
1 0 0.23686491
1 0 0.23655985
0 0 0.15280491
1 0 0.23522997
0 0 0.23589526
0 0 0.15452926
0 0 0.23398395
0 0 0.22816369
0 0 0.15500352
0 0 0.15235016
0 0 0.231388
1 0 0.23404525
0 0 0.23026457
0 0 0.23368487
0 0 0.15320861
0 0 0.15399219
0 0 0.23233348
0 0 0.15496911
0 0 0.1553616
0 0 0.15364675
0 0 0.15499127
0 0 0.22924308
0 0 0.1532055
1 0 0.23145077
0 0 0.22976446
0 0 0.15408628
0 0 0.15405215
0 0 0.1544664
1 0 0.23173483
0 0 0.15575568
0 0 0.15754886
1 0 0.15544713
0 0 0.23060437
0 0 0.1545608
0 0 0.152958
0 0 0.15243049
0 0 0.15138878
0 0 0.23742543
1 0 0.2343512
0 0 0.23668453
1 0 0.23374705
1 0 0.2400334
0 0 0.15644312
0 0 0.1558899
0 0 0.23403691
0 0 0.15497749
0 0 0.2343471
0 0 0.23981524
1 0 0.24027334
0 0 0.15614565
0 0 0.15644601
1 0 0.23682903
1 0 0.23887742
0 0 0.15761967
1 0 0.23625968
0 0 0.15751207
1 0 0.2361184
0 0 0.15732564
1 0 0.15666205
0 0 0.15566882
1 0 0.23745538
0 0 0.1560578
0 0 0.15352304
0 0 0.15754028
0 0 0.15611778
1 0 0.23487887
0 0 0.23635298
1 0 0.23519562
1 0 0.23853941
0 0 0.15843396
1 0 0.23676758
0 0 0.15356587
0 0 0.15414362
1 0 0.2360261
0 0 0.23420592
1 0 0.15720068
1 0 0.2386057
0 0 0.1551421
0 0 0.15672036
0 0 0.15695527
0 0 0.15449949
0 0 0.23201163
0 0 0.15536919
0 0 0.23566288
0 0 0.15567707
0 0 0.15538934
0 0 0.23358506
0 0 0.23766741
0 0 0.15414189
0 0 0.15522388
1 0 0.23580576
0 0 0.23253265
0 0 0.23511846
1 0 0.23851581
0 0 0.15565287
0 0 0.15465723
0 0 0.15529671
1 0 0.23735298
0 0 0.23406942
0 0 0.23392123
0 0 0.23383296
0 0 0.15627734
0 0 0.23393378
0 0 0.23428892
0 0 0.15648553
1 0 0.23882991
0 0 0.23403688
0 0 0.15663207
1 0 0.23938286
0 0 0.15774108
0 0 0.23497356
0 0 0.15619719
0 0 0.15622148
1 0 0.23947914
0 0 0.23716073
0 0 0.1567906
0 0 0.23933211
0 0 0.15580401
0 0 0.23429328
0 0 0.1585829
1 0 0.23993535
0 0 0.23701489
0 0 0.15517078
0 0 0.15959874
0 0 0.23808204
0 0 0.23607251
0 0 0.23586802
0 0 0.23645753
0 0 0.23652595
0 0 0.23570235
0 0 0.23740768
0 0 0.15603055
0 0 0.15712008
