0 0 0.17090064
0 0 0.07067326
0 0 0.07233449
0 0 0.17132309
0 0 0.17288381
0 0 0.17611986
0 0 0.07045735
0 0 0.07196714
0 0 0.17209189
0 0 0.07239121
0 0 0.070251785
0 0 0.07242667
0 0 0.07132448
0 0 0.072510675
1 0 0.17422906
0 0 0.07248634
1 0 0.07156765
0 0 0.17392178
1 0 0.17526984
0 0 0.17487702
0 0 0.07125934
0 0 0.072220646
1 0 0.17714323
0 0 0.17714775
1 0 0.17795756
0 0 0.1753581
0 0 0.1751302
1 0 0.1774106
0 0 0.1715872
0 0 0.069412544
0 0 0.17172365
0 0 0.17236707
0 0 0.17254187
0 0 0.06974143
0 0 0.07084576
0 0 0.06994245
1 0 0.0695465
0 0 0.069739014
1 0 0.17711538
0 0 0.070952624
1 0 0.17490885
0 0 0.069222294
1 0 0.17507446
0 0 0.06981387
0 0 0.07034852
0 0 0.06885418
0 0 0.072235756
1 0 0.17536367
0 0 0.17243631
1 0 0.174352
0 0 0.17088863
1 0 0.17557842
0 0 0.06986476
1 0 0.17222552
1 0 0.17045692
0 0 0.06882326
0 0 0.07071751
0 0 0.07153945
0 0 0.17643133
1 0 0.17594908
0 0 0.06999271
0 0 0.069725394
1 0 0.1758156
0 0 0.16752967
0 0 0.06896758
0 0 0.17301558
0 0 0.071378134
0 0 0.07201874
0 0 0.17229523
0 0 0.07049792
1 0 0.1776237
0 0 0.16977553
0 0 0.16852672
0 0 0.07018879
0 0 0.0703692
1 0 0.06959705
0 0 0.07059723
0 0 0.06864162
0 0 0.17055644
0 0 0.06969141
0 0 0.17290974
0 0 0.06988749
1 0 0.17099243
1 0 0.17334881
0 0 0.06903345
0 0 0.07038185
0 0 0.16964811
0 0 0.070581116
0 0 0.06962973
1 0 0.17415851
0 0 0.17146347
0 0 0.06876878
0 0 0.06992568
1 0 0.17277749
1 0 0.17202798
0 0 0.17289518
0 0 0.17349033
0 0 0.06960406
1 0 0.17814402
0 0 0.07047374
0 0 0.17321225
0 0 0.07056588
0 0 0.17170851
0 0 0.1753913
0 0 0.072999805
0 0 0.070690334
0 0 0.17308596
0 0 0.16935286
0 0 0.17334189
0 0 0.0710338
0 0 0.07146169
0 0 0.17294848
1 0 0.07034891
0 0 0.07276634
0 0 0.07157548
1 0 0.17083175
0 0 0.17296982
0 0 0.069880195
0 0 0.07044357
0 0 0.17131425
1 0 0.17771745
0 0 0.1745452
0 0 0.06961389
0 0 0.17355238
1 0 0.17603612
0 0 0.17242621
1 0 0.06978261
0 0 0.069829576
0 0 0.06928517
0 0 0.17308426
0 0 0.06934115
0 0 0.070608154
0 0 0.17173792
0 0 0.07033262
0 0 0.069285475
0 0 0.06906343
0 0 0.1728901
0 0 0.07113073
0 0 0.17334928
0 0 0.1753974
1 0 0.17395963
0 0 0.1716988
0 0 0.17256206
1 0 0.17197566
0 0 0.06964146
0 0 0.17365834
1 0 0.17319652
0 0 0.06888043
0 0 0.06905705
0 0 0.07029261
0 0 0.07117813
0 0 0.17229338
0 0 0.06928822
1 0 0.17658482
0 0 0.16983984
0 0 0.068183854
0 0 0.07018603
0 0 0.0717787
0 0 0.16886632
1 0 0.06969553
0 0 0.06595321
1 0 0.16731076
0 0 0.06741937
0 0 0.066465385
0 0 0.069626056
0 0 0.06771158
0 0 0.16485208
1 0 0.16594875
1 0 0.1641309
0 0 0.067421034
0 0 0.06732579
0 0 0.16366805
0 0 0.06946888
0 0 0.06721193
0 0 0.070010014
1 0 0.1661059
0 0 0.06903015
0 0 0.069856666
0 0 0.067784555
0 0 0.06859036
1 0 0.17065652
0 0 0.068263784
0 0 0.06820893
1 0 0.16896737
0 0 0.06812448
0 0 0.067269415
0 0 0.06674888
1 0 0.16639239
0 0 0.068110906
0 0 0.068885766
0 0 0.06950517
0 0 0.06741922
0 0 0.17303136
0 0 0.17652878
0 0 0.07025453
0 0 0.17494531
0 0 0.17463925
0 0 0.07118087
0 0 0.07155924
1 0 0.17225997
0 0 0.07272281
0 0 0.17272931
0 0 0.17059492
1 0 0.17681196
0 0 0.07037628
0 0 0.07332451
0 0 0.07155702
1 0 0.17689224
1 0 0.17719588
0 0 0.07148572
1 0 0.07217202
0 0 0.17091328
0 0 0.07231357
0 0 0.07320793
0 0 0.17386128
0 0 0.173668
1 0 0.17551659
1 0 0.17581676
0 0 0.072275415
0 0 0.17094654
0 0 0.07017745
0 0 0.17443256
1 0 0.1780515
1 0 0.17501312
0 0 0.17096984
0 0 0.1741835
1 0 0.17553522
1 0 0.1769707
0 0 0.17274375
1 0 0.17739768
1 0 0.070749395
0 0 0.1742095
1 0 0.17810918
0 0 0.070767924
0 0 0.069774404
0 0 0.069460034
1 0 0.17657128
0 0 0.17562895
1 0 0.07045216
0 0 0.17509705
0 0 0.07160308
1 0 0.071456194
0 0 0.171959
1 0 0.17662726
0 0 0.06998869
0 0 0.07061203
0 0 0.06886693
0 0 0.07136689
0 0 0.17277208
0 0 0.07003697
0 0 0.07038533
0 0 0.07028622
0 0 0.1715919
1 0 0.17828976
1 0 0.06926442
0 0 0.0695894
0 0 0.07183458
0 0 0.07071066
0 0 0.17129889
0 0 0.07139558
0 0 0.17366718
1 0 0.1778776
0 0 0.07258615
1 0 0.17451021
0 0 0.07024634
1 0 0.17522402
1 0 0.1745722
0 0 0.17168662
0 0 0.07216461
0 0 0.17160241
0 0 0.06988233
1 0 0.17745364
0 0 0.0703572
0 0 0.071999505
0 0 0.071185015
0 0 0.17540044
0 0 0.07161601
0 0 0.07026587
0 0 0.17118464
0 0 0.17470875
0 0 0.17510663
0 0 0.17449766
0 0 0.07043169
0 0 0.17540821
0 0 0.072144024
1 0 0.17253323
0 0 0.17071274
0 0 0.17622575
0 0 0.17484714
0 0 0.1713668
0 0 0.17458089
0 0 0.17197895
1 0 0.072092645
0 0 0.17264429
0 0 0.17348894
1 0 0.17714342
0 0 0.07222092
0 0 0.16908029
0 0 0.17478095
0 0 0.17347884
0 0 0.17013033
0 0 0.07047499
0 0 0.07030634
0 0 0.071537465
0 0 0.17138757
1 0 0.07073036
0 0 0.07119535
0 0 0.07227416
0 0 0.07025458
0 0 0.17332058
0 0 0.07182297
0 0 0.17247687
0 0 0.072012626
0 0 0.1720166
0 0 0.1695444
1 0 0.1733433
0 0 0.07280378
0 0 0.071056105
0 0 0.07303671
1 0 0.17631492
0 0 0.0696112
0 0 0.16811666
0 0 0.17443585
0 0 0.16928886
0 0 0.069800265
0 0 0.071136415
0 0 0.07002524
0 0 0.07074178
1 0 0.17488016
0 0 0.17146574
0 0 0.07012631
0 0 0.06876002
0 0 0.07043818
1 0 0.17615667
0 0 0.17573257
0 0 0.1750128
1 0 0.17513601
0 0 0.17261091
0 0 0.17113535
0 0 0.07124527
1 0 0.17421786
0 0 0.069199644
0 0 0.06982785
1 0 0.17481564
0 0 0.07083286
0 0 0.069385596
0 0 0.07079496
0 0 0.06978404
1 0 0.1769535
0 0 0.07099678
0 0 0.0694293
0 0 0.17141773
0 0 0.17442814
0 0 0.07031466
1 0 0.16941115
1 0 0.068915606
0 0 0.07046682
0 0 0.17465393
0 0 0.06924703
0 0 0.069747016
0 0 0.06975042
0 0 0.06922998
0 0 0.06981111
1 0 0.17517886
0 0 0.0697578
0 0 0.06871744
1 0 0.06864503
0 0 0.16878039
0 0 0.17208806
0 0 0.070907764
0 0 0.06839064
0 0 0.068902194
1 0 0.17276977
0 0 0.070158966
0 0 0.17116566
0 0 0.07024581
0 0 0.06793136
1 0 0.17054701
0 0 0.1669431
0 0 0.17409408
0 0 0.06964926
0 0 0.069938555
0 0 0.16932267
0 0 0.17334792
0 0 0.07114967
0 0 0.06963059
1 0 0.17338207
0 0 0.17356226
0 0 0.07052436
0 0 0.17419301
0 0 0.07042267
1 0 0.17168738
0 0 0.17418292
1 0 0.1751933
0 0 0.17113379
0 0 0.17525564
0 0 0.07185855
0 0 0.16961004
0 0 0.07068391
0 0 0.06968311
0 0 0.06951033
0 0 0.07127133
0 0 0.07022355
1 0 0.17526904
0 0 0.17341465
1 0 0.07007632
0 0 0.07171682
0 0 0.17389815
0 0 0.17414224
0 0 0.17406909
0 0 0.06887494
0 0 0.069876224
0 0 0.07101787
0 0 0.072418906
1 0 0.17353615
0 0 0.17051502
1 0 0.069974884
1 0 0.17616174
0 0 0.068989806
1 0 0.17213191
0 0 0.07086116
0 0 0.17518282
0 0 0.17213218
0 0 0.1713003
1 0 0.17194591
0 0 0.071524255
0 0 0.17431094
0 0 0.07148743
1 0 0.06956148
0 0 0.06815513
1 0 0.17384882
0 0 0.17093131
0 0 0.06935081
1 0 0.17640625
1 0 0.17291032
1 0 0.069825806
1 0 0.17550361
1 0 0.07032582
0 0 0.17237803
0 0 0.1738114
0 0 0.07026672
0 0 0.070162706
0 0 0.06970755
0 0 0.17576481
0 0 0.17500924
1 0 0.07049147
0 0 0.069808334
0 0 0.069186226
0 0 0.17074217
0 0 0.17186093
0 0 0.17038117
0 0 0.070219144
0 0 0.069200344
1 0 0.17562504
1 0 0.17374672
0 0 0.1710852
1 0 0.0720041
0 0 0.06890497
0 0 0.17388287
0 0 0.16907836
0 0 0.069243826
0 0 0.07113319
1 0 0.17137703
0 0 0.068979755
0 0 0.16960286
0 0 0.07093816
1 0 0.17097902
1 0 0.1717419
0 0 0.068651184
0 0 0.07006636
0 0 0.067994945
0 0 0.07200055
0 0 0.07071486
0 0 0.068351
0 0 0.06959993
0 0 0.06892282
0 0 0.17209956
0 0 0.069920845
0 0 0.16882634
1 0 0.070330724
