0 0 0.098246045
0 0 0.10155151
0 0 0.036803342
0 0 0.101181954
0 0 0.037760437
0 0 0.097684346
0 0 0.037199438
0 0 0.10246027
0 0 0.10084429
0 0 0.037122887
0 0 0.09906237
0 0 0.03612209
0 0 0.037134275
0 0 0.09798135
1 0 0.037145637
0 0 0.09704487
0 0 0.0999434
0 0 0.03719794
0 0 0.037019443
1 0 0.10265218
0 0 0.098167725
0 0 0.101014644
0 0 0.03705047
1 0 0.102441154
0 0 0.03659497
0 0 0.09832117
0 0 0.097506255
0 0 0.036648583
0 0 0.10227651
1 0 0.09857852
1 0 0.098693006
0 0 0.036399722
0 0 0.097392134
0 0 0.09866724
1 0 0.10033063
0 0 0.03539679
1 0 0.09901129
0 0 0.035769086
0 0 0.03571867
0 0 0.035817593
0 0 0.0367745
0 0 0.098034754
0 0 0.03621628
0 0 0.098623864
0 0 0.035536274
0 0 0.03556669
0 0 0.036306143
0 0 0.03541555
1 0 0.036176857
1 0 0.09955359
0 0 0.1004934
1 0 0.10171978
0 0 0.09770457
1 0 0.03595495
0 0 0.09968494
0 0 0.1029964
0 0 0.10012633
0 0 0.035632707
0 0 0.035414703
0 0 0.036540557
1 0 0.09803653
0 0 0.09920182
0 0 0.0361537
0 0 0.03564732
0 0 0.034943063
0 0 0.09715905
1 0 0.100319825
1 0 0.10143801
1 0 0.09858339
0 0 0.035118215
0 0 0.035804268
0 0 0.035595074
0 0 0.09945091
0 0 0.03520222
0 0 0.03663665
0 0 0.036478527
0 0 0.09782285
0 0 0.03632675
0 0 0.035426516
0 0 0.03656353
0 0 0.0985482
0 0 0.03501258
0 0 0.035439566
0 0 0.09978158
0 0 0.035798475
0 0 0.098261714
1 0 0.09747859
1 0 0.09933705
0 0 0.03517584
0 0 0.035680152
0 0 0.09670717
0 0 0.036488403
0 0 0.036642548
0 0 0.035013225
0 0 0.09968026
0 0 0.037069816
0 0 0.03704788
0 0 0.10000233
1 0 0.101347506
0 0 0.10022646
0 0 0.03785128
0 0 0.036561094
1 0 0.09889229
0 0 0.03649354
0 0 0.10066187
0 0 0.099210136
1 0 0.037224498
1 0 0.09841606
0 0 0.09810512
0 0 0.097900495
1 0 0.098244466
0 0 0.1003841
0 0 0.036407143
0 0 0.037275944
0 0 0.099940225
0 0 0.037443183
0 0 0.035481397
0 0 0.100451276
0 0 0.09808312
0 0 0.03686189
0 0 0.036034055
0 0 0.10029934
0 0 0.10046215
0 0 0.036617503
1 0 0.10281203
0 0 0.03656492
0 0 0.0363228
0 0 0.09747047
0 0 0.09750652
0 0 0.036746625
0 0 0.03641193
0 0 0.03524525
0 0 0.1006672
0 0 0.09815171
0 0 0.097143054
0 0 0.097397655
0 0 0.10000017
0 0 0.09760247
1 0 0.09935722
0 0 0.03520142
0 0 0.03548859
0 0 0.09719022
0 0 0.03528522
1 0 0.035694502
0 0 0.03668462
0 0 0.03617715
0 0 0.035986036
0 0 0.035627484
0 0 0.03520892
1 0 0.03595668
0 0 0.098375745
0 0 0.09945923
0 0 0.09921597
0 0 0.10005151
1 0 0.035195407
0 0 0.035181776
0 0 0.10002854
0 0 0.03686028
0 0 0.035292644
0 0 0.03562495
0 0 0.03686155
1 0 0.10180022
0 0 0.09981012
0 0 0.036644496
0 0 0.03766448
0 0 0.101188004
0 0 0.036199126
0 0 0.03751985
1 0 0.100941405
0 0 0.09731624
0 0 0.09808582
0 0 0.10013646
1 0 0.09988067
0 0 0.037427295
1 0 0.09993085
0 0 0.03719564
0 0 0.0996968
1 0 0.098225914
0 0 0.03654919
0 0 0.10030808
0 0 0.099217035
1 0 0.10014111
1 0 0.03680568
0 0 0.09806121
0 0 0.097642735
0 0 0.03721528
1 0 0.09959759
1 0 0.03662874
0 0 0.10128391
0 0 0.09706779
0 0 0.097098835
0 0 0.036391634
1 0 0.036460515
0 0 0.037409134
0 0 0.03688414
1 0 0.09783484
0 0 0.1012876
0 0 0.100040436
1 0 0.09934386
0 0 0.03600973
0 0 0.100676075
0 0 0.10030209
0 0 0.03596144
0 0 0.100561425
0 0 0.036862805
1 0 0.09801194
0 0 0.09716951
0 0 0.10090453
0 0 0.09819538
0 0 0.037192993
1 0 0.036398113
0 0 0.03586061
0 0 0.0996477
0 0 0.09884537
1 0 0.101660356
0 0 0.036622617
0 0 0.035830278
0 0 0.03601018
1 0 0.102592655
0 0 0.101295754
0 0 0.03626571
1 0 0.09945953
0 0 0.036027115
1 0 0.10070654
0 0 0.101002425
0 0 0.09863667
0 0 0.09741773
0 0 0.098838456
1 0 0.09992263
0 0 0.03602295
0 0 0.037168197
1 0 0.10259391
0 0 0.03710662
1 0 0.1004917
0 0 0.03558938
1 0 0.100362934
0 0 0.037389822
0 0 0.097462766
0 0 0.10054078
0 0 0.03603132
0 0 0.036132935
0 0 0.097967386
1 0 0.036786385
1 0 0.1014249
0 0 0.036576062
1 0 0.10251652
0 0 0.036421604
0 0 0.035938367
1 0 0.10163676
0 0 0.100193106
0 0 0.03674169
0 0 0.09864414
0 0 0.03556312
0 0 0.09863432
0 0 0.03554131
0 0 0.03596566
0 0 0.03682473
0 0 0.09830441
0 0 0.036315847
0 0 0.09760802
0 0 0.09860603
0 0 0.03471401
0 0 0.09649829
1 0 0.09875476
0 0 0.03742742
0 0 0.03606543
0 0 0.100126795
0 0 0.03609575
1 0 0.035114557
0 0 0.09774769
1 0 0.099936284
0 0 0.03523589
1 0 0.099126495
0 0 0.03568016
0 0 0.035396058
0 0 0.03532646
1 0 0.036204215
0 0 0.035172474
1 0 0.10045235
0 0 0.03631363
0 0 0.035845555
0 0 0.10042928
0 0 0.03508497
0 0 0.034856528
0 0 0.03617343
1 0 0.100959174
0 0 0.0997327
0 0 0.097723395
0 0 0.036545027
0 0 0.09682549
0 0 0.0973536
0 0 0.0366695
0 0 0.035447914
1 0 0.09942166
0 0 0.09776384
0 0 0.10186034
0 0 0.09942866
0 0 0.09850969
0 0 0.037010822
0 0 0.036182743
1 0 0.036100827
0 0 0.035032466
0 0 0.0358112
0 0 0.035574514
0 0 0.03527789
0 0 0.03571081
0 0 0.036876667
0 0 0.036595
1 0 0.10104272
0 0 0.1005645
0 0 0.097641684
1 0 0.098405235
0 0 0.101845115
0 0 0.03564432
0 0 0.035415128
1 0 0.09835521
0 0 0.035454407
0 0 0.03643615
0 0 0.0358724
0 0 0.099428274
0 0 0.101089016
0 0 0.036753576
0 0 0.09938712
0 0 0.03637673
1 0 0.100382246
0 0 0.09829297
1 0 0.09873346
0 0 0.03644318
0 0 0.03618033
0 0 0.036516692
1 0 0.10152427
0 0 0.03643263
1 0 0.10131221
0 0 0.03608558
1 0 0.10223786
1 0 0.09983104
1 0 0.036644332
0 0 0.037089102
0 0 0.09919507
0 0 0.09876656
0 0 0.09900765
1 0 0.10104435
0 0 0.09843343
0 0 0.036024638
0 0 0.03699378
0 0 0.10026566
1 0 0.09873755
1 0 0.09991257
0 0 0.036971375
1 0 0.103134826
0 0 0.037215043
0 0 0.09780869
0 0 0.10040049
1 0 0.10084193
0 0 0.03525167
0 0 0.03700366
0 0 0.10007058
1 0 0.036378097
0 0 0.036177214
0 0 0.097308576
0 0 0.03563166
0 0 0.035983387
1 0 0.09839522
1 0 0.10118629
0 0 0.03574515
0 0 0.09689309
1 0 0.036313478
0 0 0.03634372
0 0 0.036165982
1 0 0.098809734
1 0 0.0973655
1 0 0.10136627
0 0 0.09654102
0 0 0.0351578
0 0 0.036012936
0 0 0.036068402
0 0 0.036360122
0 0 0.09987027
0 0 0.036256798
0 0 0.097337276
0 0 0.0365577
0 0 0.035791762
0 0 0.035893325
0 0 0.09705716
0 0 0.035884134
1 0 0.10319908
0 0 0.037199106
0 0 0.10062618
0 0 0.09776034
1 0 0.09766161
0 0 0.036767676
0 0 0.09984693
1 0 0.1005426
0 0 0.0983196
0 0 0.0364883
1 0 0.101511054
0 0 0.101347595
1 0 0.09766416
0 0 0.037081238
0 0 0.03769838
1 0 0.10035633
0 0 0.098256536
0 0 0.037572455
0 0 0.036326252
0 0 0.09993385
1 0 0.10181561
0 0 0.0367242
0 0 0.0985
0 0 0.035793833
0 0 0.09747884
0 0 0.037994098
0 0 0.036060467
0 0 0.09947701
0 0 0.100543715
1 0 0.036228746
0 0 0.036731344
0 0 0.036560208
0 0 0.035162456
1 0 0.09822842
1 0 0.10068748
0 0 0.036485367
0 0 0.03653138
0 0 0.03575401
1 0 0.03609207
0 0 0.035145547
0 0 0.03532576
1 0 0.03552142
0 0 0.09765707
0 0 0.097915314
0 0 0.098417535
0 0 0.101405844
0 0 0.098691635
1 0 0.09962917
0 0 0.03623489
0 0 0.10130388
0 0 0.03650304
0 0 0.10104353
0 0 0.03638141
1 0 0.10069016
0 0 0.035476614
0 0 0.100855544
1 0 0.10262508
1 0 0.10261557
0 0 0.03528428
0 0 0.03642497
0 0 0.03572831
0 0 0.03565039
0 0 0.035754588
0 0 0.10098585
1 0 0.101569496
1 0 0.10098203
0 0 0.10076794
0 0 0.036721837
0 0 0.036322396
0 0 0.035833374
0 0 0.03534554
1 0 0.103977054
0 0 0.03546918
0 0 0.10050017
0 0 0.09883492
0 0 0.036370367
0 0 0.09879272
0 0 0.098761976
0 0 0.03624424
0 0 0.100044295
0 0 0.09832733
0 0 0.100660644
0 0 0.10116746
0 0 0.03598673
0 0 0.035542935
0 0 0.0354803
0 0 0.10011335
0 0 0.037376076
0 0 0.10141946
0 0 0.0372323
0 0 0.03603785
0 0 0.036496
0 0 0.035981033
0 0 0.09857607
0 0 0.036139462
