0 0 0.03414839
0 0 0.083746955
0 0 0.08812699
1 0 0.087757684
0 0 0.08557403
0 0 0.087299496
0 0 0.08900562
0 0 0.03393431
1 0 0.09044628
0 0 0.08733347
0 0 0.086443245
1 0 0.0339263
0 0 0.08914984
0 0 0.03373747
0 0 0.088955835
0 0 0.034835394
0 0 0.033371247
0 0 0.03459126
0 0 0.08566807
0 0 0.035463084
1 0 0.034057498
0 0 0.034720194
0 0 0.087510824
0 0 0.035220254
0 0 0.08923974
0 0 0.034947034
0 0 0.036462065
0 0 0.033643305
0 0 0.035081856
0 0 0.034523953
0 0 0.03553124
0 0 0.08790724
0 0 0.032613244
0 0 0.033772618
0 0 0.08309266
0 0 0.03277635
0 0 0.032940168
0 0 0.0815445
0 0 0.034237128
1 0 0.08514415
0 0 0.032373566
0 0 0.082815014
0 0 0.081150755
0 0 0.08349928
0 0 0.03321671
0 0 0.03244246
0 0 0.03399028
0 0 0.03188422
0 0 0.031893305
0 0 0.03333982
0 0 0.032981955
0 0 0.08154468
1 0 0.033698365
0 0 0.031909324
0 0 0.03236338
0 0 0.033179916
0 0 0.03402173
0 0 0.033787247
1 0 0.03292651
1 0 0.08356616
0 0 0.0333696
0 0 0.03289159
0 0 0.08093249
1 0 0.08244743
0 0 0.033886977
0 0 0.033579633
0 0 0.08725924
0 0 0.084970646
0 0 0.08231278
0 0 0.08554062
0 0 0.03317983
0 0 0.033406496
0 0 0.033768985
1 0 0.034464084
0 0 0.03350554
0 0 0.03267475
0 0 0.086266756
1 0 0.08722244
0 0 0.032825854
0 0 0.032941878
0 0 0.08598717
1 0 0.08719346
0 0 0.08766106
0 0 0.03311511
0 0 0.034910053
0 0 0.08604475
0 0 0.032469165
0 0 0.034074787
0 0 0.03423103
1 0 0.08798275
0 0 0.033374555
0 0 0.03465194
0 0 0.03494281
0 0 0.08705151
0 0 0.08344548
0 0 0.03511732
0 0 0.034290884
1 0 0.08759886
0 0 0.035340708
1 0 0.086201176
0 0 0.08498081
0 0 0.08517908
0 0 0.035533447
0 0 0.088926554
0 0 0.08518317
0 0 0.034064345
1 0 0.03517299
0 0 0.036706846
0 0 0.03364489
0 0 0.08897493
0 0 0.035415813
0 0 0.08581346
1 0 0.034157217
1 0 0.087124966
1 0 0.0895259
0 0 0.03494427
0 0 0.033818964
0 0 0.09056128
1 0 0.0906686
1 0 0.0922097
0 0 0.089982234
0 0 0.03495017
1 0 0.034944102
1 0 0.08998536
0 0 0.034086328
1 0 0.08740092
0 0 0.08529129
0 0 0.03480649
0 0 0.090482295
0 0 0.08618957
1 0 0.08934744
0 0 0.034852806
0 0 0.09121221
0 0 0.08569627
1 0 0.09387065
0 0 0.03507902
0 0 0.034437094
0 0 0.036079932
0 0 0.035819814
0 0 0.03692924
0 0 0.03566728
0 0 0.036005087
0 0 0.08900006
1 0 0.09144296
0 0 0.09130477
0 0 0.035219107
0 0 0.088540405
1 0 0.09383682
0 0 0.035454523
0 0 0.08975335
0 0 0.09089254
0 0 0.036472496
0 0 0.08990845
0 0 0.08723266
0 0 0.08932046
1 0 0.08788738
0 0 0.03487831
0 0 0.08589969
1 0 0.08722843
0 0 0.08855858
0 0 0.03461205
0 0 0.08481458
0 0 0.0331204
1 0 0.089332506
0 0 0.033842776
0 0 0.03361107
0 0 0.035887226
0 0 0.034643106
0 0 0.033805683
0 0 0.086774155
1 0 0.08865013
0 0 0.035200108
0 0 0.034681875
0 0 0.03430646
0 0 0.034110744
1 0 0.08765021
1 0 0.0896261
0 0 0.08689186
0 0 0.08540933
0 0 0.08870948
0 0 0.085425265
0 0 0.08717097
0 0 0.034078185
0 0 0.08947856
0 0 0.033668797
0 0 0.08511038
0 0 0.03428517
0 0 0.034484953
1 0 0.034447394
0 0 0.08503709
0 0 0.035488542
1 0 0.0888472
1 0 0.08536997
0 0 0.032815896
1 0 0.085534886
0 0 0.034180626
1 0 0.03282986
0 0 0.03278947
0 0 0.0339084
0 0 0.08564884
0 0 0.03315273
1 0 0.08713591
0 0 0.034365606
0 0 0.032312065
1 0 0.08572344
0 0 0.03405108
0 0 0.03368447
1 0 0.08126694
0 0 0.033110704
0 0 0.032676358
0 0 0.032333814
0 0 0.03298216
0 0 0.08553341
0 0 0.08372712
0 0 0.034576856
1 0 0.08479888
1 0 0.03271592
0 0 0.080070056
0 0 0.033279017
0 0 0.08485723
0 0 0.034110524
0 0 0.03309916
0 0 0.03393826
0 0 0.034506544
0 0 0.034901537
0 0 0.035484385
0 0 0.08603219
1 0 0.03407073
1 0 0.034294818
0 0 0.035994288
1 0 0.08959425
0 0 0.03518397
0 0 0.03496809
0 0 0.089622825
0 0 0.034826502
0 0 0.08618285
1 0 0.0882973
1 0 0.08915777
0 0 0.08429291
0 0 0.034308866
1 0 0.09213554
0 0 0.08685568
0 0 0.034072228
0 0 0.03494388
0 0 0.089132674
1 0 0.08788758
1 0 0.09018021
1 0 0.08716745
0 0 0.0868193
0 0 0.086896956
0 0 0.03431368
0 0 0.08844348
1 0 0.09128449
0 0 0.03466073
0 0 0.085832484
0 0 0.035735495
0 0 0.08803453
0 0 0.036061093
0 0 0.086199656
0 0 0.08705376
1 0 0.089396745
0 0 0.08920837
0 0 0.087155
1 0 0.08828804
1 0 0.035673458
0 0 0.036274385
0 0 0.08974181
1 0 0.09490089
0 0 0.03524053
0 0 0.08903965
0 0 0.035204504
0 0 0.08632414
1 0 0.09301755
0 0 0.09000834
1 0 0.09138105
0 0 0.036677096
0 0 0.08922226
0 0 0.08907864
0 0 0.035975497
0 0 0.088618785
0 0 0.08940191
0 0 0.090234645
1 0 0.09114131
0 0 0.03512876
1 0 0.09181367
0 0 0.035747685
0 0 0.03730604
0 0 0.0873879
0 0 0.03369183
0 0 0.03318456
0 0 0.035200696
0 0 0.03538126
0 0 0.03496555
1 0 0.091888994
1 0 0.08737249
0 0 0.08707799
1 0 0.08808019
0 0 0.08440858
0 0 0.033175394
0 0 0.08521465
0 0 0.033015467
1 0 0.087124884
1 0 0.084876925
0 0 0.08460957
1 0 0.088591255
0 0 0.08657834
0 0 0.034413144
0 0 0.08726041
0 0 0.08622657
0 0 0.035034843
0 0 0.035069495
0 0 0.033759125
1 0 0.08839375
0 0 0.035282724
0 0 0.033320483
1 0 0.033760212
0 0 0.034956608
0 0 0.087913476
0 0 0.035141617
0 0 0.03527886
0 0 0.03575115
0 0 0.0345629
0 0 0.03348946
0 0 0.08609742
0 0 0.08939238
0 0 0.033979572
0 0 0.034638003
1 0 0.0901059
0 0 0.08559793
1 0 0.08478845
1 0 0.089917
0 0 0.087270856
1 0 0.090473816
0 0 0.08834567
0 0 0.034663137
1 0 0.08604862
1 0 0.08856567
0 0 0.033673164
0 0 0.085733384
0 0 0.03371536
0 0 0.08617376
0 0 0.084283486
1 0 0.0900136
1 0 0.034211393
0 0 0.087616265
0 0 0.036094658
0 0 0.034855984
0 0 0.034637712
0 0 0.085539766
0 0 0.034011472
0 0 0.034763288
0 0 0.033999186
1 0 0.08898416
0 0 0.035231877
0 0 0.035371717
0 0 0.033598486
0 0 0.03553376
0 0 0.089521855
0 0 0.033533532
0 0 0.0335534
0 0 0.03384034
0 0 0.0889529
1 0 0.08659955
1 0 0.09095954
0 0 0.08682795
0 0 0.08852721
0 0 0.084994785
0 0 0.03398948
0 0 0.08791864
1 0 0.09006243
1 0 0.08885771
0 0 0.033864986
1 0 0.034830265
0 0 0.08824754
0 0 0.03463862
1 0 0.0916074
0 0 0.0851344
0 0 0.03548785
0 0 0.034387436
0 0 0.088162124
0 0 0.03433781
0 0 0.034246635
0 0 0.08754945
0 0 0.08557842
0 0 0.03392995
0 0 0.034447234
1 0 0.08500898
0 0 0.035455536
0 0 0.03495194
0 0 0.08699773
0 0 0.08393342
0 0 0.0834213
0 0 0.034938592
0 0 0.03340481
0 0 0.0850254
0 0 0.034378935
0 0 0.03453688
0 0 0.08780478
0 0 0.08349635
0 0 0.034686137
1 0 0.08789591
0 0 0.034002166
0 0 0.034961402
0 0 0.08352706
0 0 0.033923846
0 0 0.08365969
0 0 0.033889595
0 0 0.03336855
0 0 0.03489136
1 0 0.08686254
0 0 0.03319646
0 0 0.08779298
0 0 0.08490094
0 0 0.0844238
0 0 0.03413045
0 0 0.033561144
1 0 0.03465626
0 0 0.032837335
0 0 0.033406567
0 0 0.03341288
1 0 0.034130387
0 0 0.08546156
1 0 0.08899306
0 0 0.034585163
1 0 0.08725426
1 0 0.08804895
1 0 0.08846936
0 0 0.034814283
0 0 0.033224043
0 0 0.08366163
0 0 0.035524968
0 0 0.084642254
0 0 0.08552032
0 0 0.08556067
0 0 0.03346827
1 0 0.0836136
0 0 0.03542007
0 0 0.03450109
1 0 0.033602063
0 0 0.033911288
0 0 0.032927267
0 0 0.08754276
0 0 0.03374518
0 0 0.03338172
0 0 0.03514936
0 0 0.03337483
1 0 0.086321056
0 0 0.08350328
1 0 0.03487579
0 0 0.08580636
1 0 0.036107898
0 0 0.09018089
0 0 0.035504337
0 0 0.08671277
1 0 0.091622435
0 0 0.037009023
0 0 0.08835103
0 0 0.034802172
0 0 0.03583495
0 0 0.088132
0 0 0.03614797
0 0 0.08596313
0 0 0.035495557
0 0 0.0917064
0 0 0.035025816
0 0 0.08847242
0 0 0.036124457
0 0 0.08854652
0 0 0.036037583
1 0 0.035033625
0 0 0.086401366
0 0 0.08873096
1 0 0.09101369
0 0 0.09176284
0 0 0.03638238
1 0 0.08754495
0 0 0.0877453
0 0 0.0922249
0 0 0.08660189
0 0 0.088187695
