0 0 0.33746517
0 0 0.22370462
0 0 0.22169316
0 0 0.22231881
0 0 0.22476026
1 0 0.33777902
0 0 0.22526568
0 0 0.22382504
1 0 0.22538146
0 0 0.22396995
1 0 0.3384175
1 0 0.3373544
0 0 0.22288786
0 0 0.22424747
1 0 0.33775383
0 0 0.3349251
1 0 0.336941
0 0 0.22271965
0 0 0.33611977
0 0 0.22341996
0 0 0.22628081
1 0 0.22540419
0 0 0.3331108
0 0 0.22521687
0 0 0.33313632
0 0 0.22406213
0 0 0.22394253
0 0 0.2244479
0 0 0.3378269
0 0 0.2241884
1 0 0.336763
0 0 0.33422843
0 0 0.22394262
1 0 0.22627115
1 0 0.33716524
0 0 0.22406748
0 0 0.33612126
1 0 0.22582209
0 0 0.33504596
0 0 0.3359007
0 0 0.22469106
0 0 0.22425368
0 0 0.22318679
0 0 0.3332733
1 0 0.3360153
1 0 0.3402748
0 0 0.22625595
0 0 0.22611114
0 0 0.33748972
1 0 0.3374669
1 0 0.34060174
0 0 0.22663808
0 0 0.3355178
0 0 0.22534627
1 0 0.3362121
0 0 0.2245939
0 0 0.22689453
1 0 0.33637738
0 0 0.33563173
1 0 0.22685137
0 0 0.22563036
0 0 0.33435994
0 0 0.33550048
0 0 0.33485085
0 0 0.22253114
0 0 0.33630455
0 0 0.33639067
0 0 0.22722705
0 0 0.22417647
0 0 0.222965
0 0 0.3353176
1 0 0.22621484
0 0 0.22291169
0 0 0.22432375
0 0 0.3352707
1 0 0.22581686
0 0 0.22723325
0 0 0.22682692
0 0 0.22580557
0 0 0.2228587
0 0 0.3328877
0 0 0.22298199
0 0 0.22342207
0 0 0.22556919
0 0 0.33647013
1 0 0.3351373
0 0 0.33542937
0 0 0.33295235
1 0 0.3357091
0 0 0.22480823
0 0 0.22233701
0 0 0.33360285
1 0 0.33797106
0 0 0.22585356
0 0 0.22491536
0 0 0.33377707
0 0 0.22539477
0 0 0.22650571
1 0 0.33710125
0 0 0.22621827
0 0 0.22561017
1 0 0.22567177
0 0 0.3352714
0 0 0.33758077
0 0 0.22607963
0 0 0.33467156
0 0 0.22414432
0 0 0.3390343
0 0 0.22490689
1 0 0.33777457
0 0 0.3362717
1 0 0.33982334
0 0 0.22648044
0 0 0.33969212
0 0 0.22352803
0 0 0.33432114
0 0 0.3354968
0 0 0.22547859
1 0 0.22498082
0 0 0.22500867
1 0 0.2261228
1 0 0.33850744
0 0 0.33753067
1 0 0.33905464
0 0 0.33506468
0 0 0.22574466
0 0 0.22270954
1 0 0.33861333
0 0 0.33751094
0 0 0.22397931
1 0 0.33502007
1 0 0.22545557
0 0 0.33399078
0 0 0.33610442
0 0 0.22592807
0 0 0.3351428
0 0 0.2272196
0 0 0.3347556
1 0 0.33720714
0 0 0.3343424
1 0 0.3376167
0 0 0.22467375
0 0 0.2252241
0 0 0.3364525
0 0 0.33193853
0 0 0.22753324
1 0 0.33843246
1 0 0.22529608
0 0 0.33839995
0 0 0.33550823
0 0 0.2261999
1 0 0.22608846
0 0 0.22770517
0 0 0.33610252
0 0 0.22428618
0 0 0.33449444
1 0 0.33487034
0 0 0.3388959
0 0 0.22624838
0 0 0.22489327
0 0 0.2238646
0 0 0.3390182
0 0 0.33789957
0 0 0.22270489
0 0 0.33742136
0 0 0.22295155
0 0 0.22462393
0 0 0.22439705
1 0 0.3392643
0 0 0.22378275
1 0 0.3380788
0 0 0.2234515
0 0 0.22519478
1 0 0.33531442
1 0 0.33712068
0 0 0.22491027
0 0 0.22434928
0 0 0.22359446
0 0 0.22434992
0 0 0.22519194
0 0 0.33442408
0 0 0.3329272
0 0 0.33571833
0 0 0.22417468
1 0 0.33881104
0 0 0.22397274
0 0 0.33498043
1 0 0.339817
1 0 0.33729017
0 0 0.22388682
0 0 0.33792296
0 0 0.22519024
1 0 0.3354926
0 0 0.22548516
0 0 0.22771908
0 0 0.22854465
0 0 0.33695635
0 0 0.33539882
0 0 0.33605814
0 0 0.33428463
0 0 0.33619374
1 0 0.3401286
0 0 0.22575007
0 0 0.22476725
0 0 0.33699265
0 0 0.22656998
0 0 0.22661231
0 0 0.22644144
1 0 0.33668214
0 0 0.33389753
0 0 0.22549862
0 0 0.2289153
0 0 0.2264883
1 0 0.2268096
0 0 0.33877409
0 0 0.333566
0 0 0.3388545
0 0 0.33652073
1 0 0.33731616
0 0 0.22512569
0 0 0.22712944
0 0 0.33380193
0 0 0.33469033
0 0 0.2241171
0 0 0.22604309
0 0 0.224764
0 0 0.22331652
0 0 0.33408034
0 0 0.3354105
0 0 0.3373659
0 0 0.22375481
0 0 0.22567861
0 0 0.33664325
0 0 0.22430822
0 0 0.22502641
0 0 0.22596042
1 0 0.22409913
0 0 0.33470833
0 0 0.22465332
0 0 0.33682275
0 0 0.33636162
0 0 0.22550347
1 0 0.33456963
1 0 0.33972716
0 0 0.22544134
1 0 0.33679068
0 0 0.22463496
0 0 0.33572918
0 0 0.33648556
0 0 0.33543047
0 0 0.33575884
0 0 0.22512461
0 0 0.33532423
0 0 0.33419567
0 0 0.22812794
1 0 0.33640233
0 0 0.2251765
1 0 0.33650425
1 0 0.33674493
0 0 0.22571765
0 0 0.2237391
0 0 0.33667925
1 0 0.3353496
0 0 0.33556363
0 0 0.22329964
0 0 0.22566824
0 0 0.33434212
0 0 0.33793598
0 0 0.22499208
0 0 0.3355809
0 0 0.22489706
1 0 0.33892685
0 0 0.22370431
0 0 0.3363567
0 0 0.2268152
0 0 0.22482453
0 0 0.2253457
0 0 0.22463785
0 0 0.33412734
0 0 0.22479202
1 0 0.22309764
0 0 0.3380239
0 0 0.33332634
1 0 0.3391593
1 0 0.3358209
0 0 0.223788
0 0 0.22535945
0 0 0.22429532
0 0 0.2243251
0 0 0.22303025
1 0 0.2242913
0 0 0.2246333
0 0 0.22608116
0 0 0.22589947
1 0 0.33622745
0 0 0.22411963
1 0 0.33543453
0 0 0.3351952
0 0 0.33609834
0 0 0.22464286
1 0 0.33685222
1 0 0.33419472
1 0 0.3346037
0 0 0.22367503
0 0 0.33326778
0 0 0.22689869
0 0 0.3372815
1 0 0.33751857
0 0 0.22679853
0 0 0.22357301
0 0 0.22701974
0 0 0.3343476
0 0 0.33521974
0 0 0.22365563
0 0 0.22548944
0 0 0.33169022
0 0 0.2230738
0 0 0.22543916
0 0 0.33517072
0 0 0.22380425
0 0 0.22406194
0 0 0.22785604
0 0 0.22615245
0 0 0.22450596
0 0 0.22436014
0 0 0.3362053
0 0 0.22602941
1 0 0.337225
0 0 0.22602056
0 0 0.22767587
0 0 0.22519182
0 0 0.3363541
0 0 0.33709893
0 0 0.22674029
1 0 0.33872855
0 0 0.33785725
0 0 0.22636697
0 0 0.22675379
1 0 0.33591518
0 0 0.22600561
0 0 0.22688933
0 0 0.33780244
1 0 0.33876693
0 0 0.33458236
0 0 0.33434394
0 0 0.33734748
0 0 0.33477837
0 0 0.33657846
0 0 0.3403551
0 0 0.3339077
1 0 0.3394727
1 0 0.33731133
0 0 0.22587948
0 0 0.22586352
1 0 0.22374289
0 0 0.33509186
0 0 0.33576483
0 0 0.33680072
0 0 0.33453357
1 0 0.3348808
0 0 0.22335264
0 0 0.22340366
0 0 0.22567786
0 0 0.2269656
0 0 0.33548996
1 0 0.22450696
0 0 0.22503763
0 0 0.33404106
0 0 0.33609802
1 0 0.3356369
0 0 0.22466718
0 0 0.3372466
0 0 0.33755913
0 0 0.33252558
0 0 0.22349839
0 0 0.33793238
0 0 0.33720112
0 0 0.22414726
0 0 0.22372651
0 0 0.2253765
0 0 0.22656526
0 0 0.22440442
1 0 0.33762872
0 0 0.22441179
1 0 0.3363073
1 0 0.334633
0 0 0.3346898
0 0 0.22450715
0 0 0.33810666
0 0 0.22648956
0 0 0.22653821
1 0 0.33753458
1 0 0.33954892
0 0 0.3371141
0 0 0.2250908
0 0 0.22719432
1 0 0.3335016
1 0 0.33387342
0 0 0.2260941
1 0 0.3402296
1 0 0.33729574
0 0 0.22614108
1 0 0.33500415
0 0 0.225735
0 0 0.22391774
0 0 0.22909032
1 0 0.3376595
0 0 0.22739334
0 0 0.2258243
0 0 0.33824322
1 0 0.33639014
0 0 0.22750036
0 0 0.33742535
0 0 0.22441664
0 0 0.33614904
0 0 0.3341255
0 0 0.22337309
0 0 0.33638236
0 0 0.22186181
0 0 0.22284894
1 0 0.33512968
0 0 0.22584417
1 0 0.22139604
0 0 0.22272752
0 0 0.22598399
0 0 0.2249111
0 0 0.3341497
0 0 0.3356007
0 0 0.33537024
0 0 0.22425464
0 0 0.2261026
0 0 0.33391547
0 0 0.22548892
0 0 0.22400537
1 0 0.33625665
0 0 0.33325386
0 0 0.3359814
0 0 0.33269936
1 0 0.22296779
0 0 0.33474794
1 0 0.2247817
0 0 0.22344917
0 0 0.22344577
0 0 0.2262118
0 0 0.3333294
0 0 0.22394107
0 0 0.33437267
0 0 0.22381632
0 0 0.3322744
1 0 0.33811083
1 0 0.3373183
0 0 0.2283847
1 0 0.33690777
0 0 0.33680084
0 0 0.335445
0 0 0.33680433
0 0 0.3334202
0 0 0.22578582
0 0 0.22612192
1 0 0.33647862
0 0 0.33493805
0 0 0.3366819
0 0 0.22646332
0 0 0.22647119
0 0 0.3337245
0 0 0.3337391
1 0 0.22817777
0 0 0.33334965
1 0 0.33631662
0 0 0.33434707
1 0 0.22867323
0 0 0.33525246
0 0 0.22854914
1 0 0.33382052
0 0 0.3341262
0 0 0.22655506
0 0 0.33522412
0 0 0.33282408
0 0 0.22661078
0 0 0.22561286
